H0: 68.23654330817519 +/- 1.18838848719134
Omegabh2: 0.022362962934448453 +/- 0.0002293072828576521
OmegaCh2: 0.11768014294697565 +/- 0.0026588188772934036
tau: 0.08521933127575053 +/- 0.03417299500515669
Amp: 2.218447802620708e-09 +/- 1.432607816501156e-10
ns: 0.9730197411871258 +/- 0.006577313307890415
